Policy iteration converged in 6 improvement step(s), 0.062 seconds.

Optimal policy π* (rows = cars at loc1/A 0..20, cols = cars at loc2/B 0..20)
Positive = move A→B, negative = move B→A

      0  1  2  3  4  5  6  7  8  9 10 11 12 13 14 15 16 17 18 19 20
 20   5  5  5  5  4  4  3  3  3  3  2  2  2  2  1  1  1  1  0  0  0
 19   5  5  5  4  4  3  3  2  2  2  2  1  1  1  1  0  0  0  0  0  0
 18   5  5  5  4  3  3  2  2  1  1  1  1  0  0  0  0  0  0  0  0  0
 17   5  5  5  4  3  2  2  1  1  0  0  0  0  0  0  0  0  0  0  0  0
 16   5  5  5  4  3  2  1  1  0  0  0  0  0  0  0  0  0  0  0  0  0
 15   5  5  5  4  3  2  1  0  0  0  0  0  0  0  0  0  0  0  0  0  0
 14   5  5  4  4  3  2  1  0  0  0  0  0  0  0  0  0  0  0  0  0  0
 13   5  5  4  3  3  2  1  0  0  0  0  0  0  0  0  0  0  0  0  0  0
 12   5  5  4  3  2  2  1  0  0  0  0  0  0  0  0  0  0  0  0  0  0
 11   5  4  4  3  2  1  1  0  0  0  0  0  0  0  0  0  0  0  0  0  0
 10   4  4  3  3  2  1  0  0  0  0  0  0  0  0  0  0  0  0  0  0  0
  9   4  3  3  2  2  1  0  0  0  0  0  0  0  0  0  0  0  0  0  0  0
  8   3  3  2  2  1  1  0  0  0  0  0  0  0  0  0  0  0  0  0  0  0
  7   3  2  2  1  1  0  0  0  0  0  0  0  0  0  0  0  0  0  0  0  0
  6   2  2  1  1  0  0  0  0  0  0  0  0  0  0  0  0  0  0  0  0  0
  5   1  1  1  0  0  0  0  0  0  0  0  0  0  0  0  0  0  0  0  0  0
  4   0  0  0  0  0  0  0  0  0  0  0  0  0  0  0  0  0  0  0 -1 -1
  3   0  0  0  0  0  0  0  0  0  0  0  0  0  0  0 -1 -1 -1 -1 -1 -2
  2   0  0  0  0  0  0  0  0  0  0  0 -1 -1 -1 -1 -1 -2 -2 -2 -2 -2
  1   0  0  0  0  0  0  0  0  0 -1 -1 -1 -2 -2 -2 -2 -2 -3 -3 -3 -3
  0   0  0  0  0  0  0  0  0 -1 -1 -2 -2 -2 -3 -3 -3 -3 -3 -4 -4 -4

State-value function V* (rounded):
          0      1      2      3      4      5      6      7      8      9     10     11     12     13     14     15     16     17     18     19     20
 20   554.9  561.6  567.6  573.2  578.5  583.6  588.5  593.1  597.6  601.8  605.8  609.7  613.4  616.9  620.2  623.5  626.5  629.4  632.2  634.7  637.0
 19   550.8  557.6  563.8  569.6  575.2  580.5  585.6  590.5  595.1  599.6  603.8  607.8  611.7  615.4  618.9  622.2  625.5  628.5  631.4  634.0  636.3
 18   546.5  553.4  559.8  565.8  571.6  577.2  582.5  587.6  592.5  597.1  601.6  605.8  609.8  613.7  617.4  620.9  624.2  627.4  630.3  633.0  635.3
 17   541.9  549.0  555.5  561.8  567.8  573.6  579.2  584.5  589.6  594.5  599.1  603.6  607.8  611.8  615.6  619.2  622.7  625.9  629.0  631.7  634.1
 16   537.0  544.3  551.0  557.5  563.8  569.8  575.6  581.2  586.5  591.6  596.4  601.0  605.4  609.6  613.5  617.3  620.8  624.2  627.3  630.2  632.7
 15   532.0  539.4  546.3  553.0  559.5  565.8  571.8  577.6  583.2  588.5  593.5  598.2  602.7  607.1  611.2  615.1  618.7  622.2  625.5  628.4  631.0
 14   526.6  534.2  541.4  548.3  555.0  561.5  567.8  573.8  579.6  585.0  590.2  595.1  599.8  604.3  608.5  612.6  616.4  620.0  623.3  626.4  629.0
 13   521.0  528.8  536.2  543.4  550.3  557.0  563.5  569.8  575.7  581.4  586.7  591.8  596.7  601.3  605.7  609.9  613.8  617.5  621.0  624.1  626.9
 12   515.2  523.1  530.8  538.2  545.4  552.3  559.0  565.5  571.7  577.5  583.0  588.3  593.3  598.1  602.6  606.9  611.0  614.8  618.4  621.6  624.4
 11   508.9  517.2  525.1  532.8  540.2  547.4  554.3  561.0  567.4  573.4  579.1  584.6  589.7  594.6  599.3  603.7  607.9  611.9  615.5  618.9  621.8
 10   502.4  510.9  519.2  527.1  534.8  542.2  549.4  556.3  562.9  569.1  574.9  580.5  585.9  590.9  595.7  600.3  604.6  608.6  612.4  615.8  618.8
  9   495.6  504.4  512.9  521.2  529.1  536.8  544.2  551.4  558.1  564.4  570.5  576.2  581.7  586.9  591.8  596.5  600.9  605.1  609.0  612.5  615.6
  8   488.4  497.6  506.4  514.9  523.2  531.1  538.8  546.1  553.0  559.5  565.7  571.6  577.2  582.6  587.6  592.4  596.9  601.2  605.2  608.8  612.0
  7   481.1  490.4  499.6  508.4  516.9  525.2  533.1  540.5  547.6  554.3  560.6  566.6  572.4  577.8  583.0  587.9  592.5  596.9  601.0  604.7  607.9
  6   473.5  483.1  492.4  501.6  510.4  518.9  527.0  534.6  541.7  548.6  555.0  561.2  567.0  572.6  577.8  582.9  587.6  592.1  596.3  600.1  603.4
  5   465.6  475.5  485.1  494.4  503.6  512.2  520.4  528.1  535.4  542.3  548.9  555.1  561.1  566.7  572.1  577.2  582.1  586.7  591.0  594.9  598.3
  4   457.7  467.6  477.5  487.1  496.2  504.9  513.2  521.0  528.4  535.4  542.0  548.4  554.4  560.1  565.6  570.8  575.8  580.4  584.8  589.0  592.9
  3   449.6  459.6  469.4  479.0  488.2  497.0  505.2  513.1  520.6  527.6  534.3  540.7  546.8  552.6  558.2  563.6  568.8  573.8  578.4  582.8  587.0
  2   440.8  450.7  460.6  470.2  479.4  488.2  496.5  504.4  511.9  519.0  525.7  532.3  538.7  544.8  550.6  556.2  561.6  566.8  571.8  576.4  580.8
  1   431.3  441.3  451.1  460.7  469.9  478.7  487.1  495.0  502.5  509.9  517.0  523.7  530.3  536.7  542.8  548.6  554.2  559.6  564.8  569.8  574.4
  0   421.4  431.4  441.2  450.8  460.1  468.9  477.2  485.1  493.0  500.5  507.9  515.0  521.7  528.3  534.7  540.8  546.6  552.2  557.6  562.8  567.8
